III. TREATMENT
PLANNING

10. __
20.
25.
37.
45.
46.
47. _
50.
63.
79.
84.
33.
96.
98. __
102. __
104. __
123. __
140.
160.
180.
181.
190.
199.

IV. TREATMENT
1.
3.
4.
9.
14
15.
26
29
32
34
36
54
73
74
80
93
97
109
127
131
144
145
152. __
168. __
170. __
175. __
176.
182.
191.
192.
198

V. ETHICS
6.
18.
30.
40.
41.
42.
51.
57.
59.
60.
76.
78
89.
91.
115.
122.
125.
126.
146. __
148. __
165.
196.

VI. LAW
21.
27.
52.
55.
56.
71.
72.
83.
85.
86.
110.
111.
113
114.
119.
133.
136. __
139. __
147. __
156.
162.
163.
164.
169.
178.
179. __
189. __
193. __
194. __
195. __

